[16.66994410628107, 50.78785014732544, 14.024045176237237, 18.51816057015625]
[2.0286258700461732, 64.89466502177011, 24.122915719813754, 8.95379338836997]
[23.327195797504963, 45.559771405374335, 29.270849660964977, 1.842183136155739]
[22.43953027688726, 46.663669572112816, 13.71522092757846, 17.181579223421473]
[33.49783747325546, 44.205967478678986, 20.59849600921633, 1.6976990388492135]
[38.61187073329786, 51.220391146350885, 4.305095974641004, 5.862642145710238]
[37.55191758194493, 39.41305402632097, 17.152107736624263, 5.882920655109842]
[28.59825816215687, 41.975116396899395, 23.4131038237913, 6.0135216171524375]
[39.53246000271006, 34.52390134798861, 8.06734538741577, 17.876293261885568]
[54.40208131126797, 28.498325162045944, 12.341171365728888, 4.758422160957196]
[48.95469570130737, 37.3752148091677, 10.9128546964865, 2.757234793038419]
[45.81508137604965, 39.496294946602006, 10.601011329294076, 4.087612348054287]
[51.39290692433982, 33.73252877812602, 4.446317153252269, 10.428247144281881]
[59.08088366161404, 18.035558694928138, 3.9524773335134085, 18.931080309944413]
[52.932709613872376, 35.48472833143255, 2.8141972255224323, 8.768364829172647]
[38.54882139291103, 16.43754681601003, 19.323047985257613, 25.690583805821337]
[39.429958570039936, 39.26696176690883, 9.010334600809031, 12.292745062242185]
[45.50842166859443, 19.030266941894546, 0.24454237876831492, 35.2167690107427]
[42.449931123738985, 27.27574573595396, 10.534659230805202, 19.739663909501846]
[47.24018114788777, 13.76351882079187, 0.972695669834333, 38.02360436148602]
[45.94828542667365, 20.46877211139692, 3.2743734181733544, 30.30856904375608]
[54.66893572285609, 6.307433010910081, 5.025248987714163, 33.998382278519664]
[56.37751866348586, 5.301909986312911, 0.6999847832261115, 37.620586566975106]
[47.767159557431825, 5.315651984062851, 3.810348261377214, 43.10684019712812]
[48.08198919162698, 2.6301801514791916, 28.165312076532707, 21.122518580361117]
[46.03221622249792, 1.093712282334926, 4.499641811921869, 48.374429683245275]
[33.08738876645771, 4.538299601531015, 5.411770176048811, 56.96254145596246]
[34.44287964130943, 4.4750297377058885, 27.621972375139975, 33.460118245844704]
[26.999275460286963, 1.7040092535180635, 20.88354786594072, 50.413167420254254]
[29.159834259963507, 6.138824804077676, 15.41409764063496, 49.287243295323854]
[17.125979638720054, 17.56048608442444, 4.678749273495458, 60.63478500336005]
[44.30335651914191, 4.644253808483448, 21.88450222065111, 29.16788745172354]
[27.116808116345986, 7.9067336389936465, 23.57522943939174, 41.401228805268616]
[25.993122101632938, 10.249335098978914, 18.882580308302295, 44.87496249108585]
[10.602946032832532, 7.225633759745633, 27.51520177997592, 54.656218427445914]
[22.291226892387936, 8.179943430638561, 33.093956421724386, 36.43487325524911]
[32.799200838283184, 7.491535336949832, 26.335829695049405, 33.37343412971759]
[16.341095466225973, 13.665913791009315, 19.385351710996705, 50.607639031768]
[14.950201957940603, 10.423895652558155, 34.47805652503878, 40.147845864462454]
[10.308055632818892, 14.555562892548913, 33.326263928104375, 41.81011754652781]
[22.16492312191745, 0.2634395565007528, 41.65704583641215, 35.91459148516965]
[22.21350220909602, 0.6261936654756066, 49.30529252642631, 27.855011599002065]
[14.714644736731072, 3.727299791619381, 55.36945279325257, 26.188602678396975]
[7.6675275037411605, 16.225395808114776, 44.818035593845906, 31.289041094298163]
[4.84536187236317, 21.412503778426814, 32.59362886652954, 41.148505482680484]
[6.955046767875898, 3.7489366063147087, 48.10717828970577, 41.188838336103615]
[6.150139248289583, 23.928564816835777, 35.12411013147397, 34.797185803400666]
[14.570910018310954, 6.099161743856117, 41.97565309233323, 37.35427514549971]
[0.21354270693904956, 27.179887897556927, 44.94821100215333, 27.658358393350685]
[1.3184966209069973, 23.297345733970324, 47.561388409985554, 27.822769235137113]
[24.20510632749753, 19.651676043964912, 34.72496161410071, 21.41825601443686]
[8.340269684835636, 24.4768101953604, 45.09321765072059, 22.08970246908337]
[19.327546010499187, 20.5864559768319, 45.15580474795368, 14.93019326471522]
[4.390860264044481, 33.11414982817216, 44.6010782952752, 17.893911612508155]
[1.88508826831616, 28.436235491866274, 59.12536041592675, 10.553315823890822]
[11.955022492435452, 28.425844718354426, 39.93642033645081, 19.68271245275932]
[5.169284967052698, 34.31127834153223, 43.98740341282008, 16.53203327859498]
[9.51321244833004, 42.74810907132537, 40.50497798532064, 7.233700495023935]
[3.4630937000939768, 42.307451158089194, 47.105543528983546, 7.123911612833276]
[12.95409406441732, 45.24150264060899, 29.010586562084672, 12.793816732889013]
[7.484484842259885, 45.03840021846835, 39.683102759706465, 7.794012179565309]
[3.858759196769119, 56.403875073385024, 38.74320868916429, 0.9941570406815703]
[14.444312985454946, 58.07854517166945, 17.41373186038293, 10.063409982492685]
[4.519491890628189, 51.570489106655316, 34.634556653809724, 9.275462348906784]
[0.025190699720772203, 46.28561644214382, 44.95166899967399, 8.73752385846141]
[18.789702820642656, 43.287358360004795, 28.333580068458808, 9.589358750893751]
[20.20606577675343, 39.13996236907272, 28.640194772223705, 12.013777081950156]
[22.213723617465725, 61.57452026092671, 7.752048913790707, 8.459707207816846]
[25.153111724866022, 38.26430885973516, 24.82416167504762, 11.75841774035119]
[31.049985173594646, 51.020593980342575, 6.493716178423766, 11.435704667639005]
[19.6641419016742, 44.8989189944928, 25.59405132234287, 9.842887781490143]
[34.621628907846066, 56.61574892427341, 2.325815907405867, 6.43680626047465]
[22.976719866764938, 51.67692273594617, 0.8696864053878579, 24.476670991901027]
[40.998161885763345, 45.37071589362302, 5.464289032274463, 8.166833188339167]
[38.22195665847013, 52.55322910086857, 6.896346610240296, 2.328467630421027]
[45.704025087426835, 40.50125300572267, 10.764917180972917, 3.0298047258775678]
[46.175301827098494, 31.53012457374402, 6.148222055332623, 16.146351543824867]
[54.681835373977464, 19.3573998795946, 17.409344515748874, 8.551420230679065]
[27.60149001840005, 49.9122863137841, 2.4257313692096503, 20.06049229860621]
[56.51786207206241, 26.80575031457511, 12.477828017942153, 4.198559595420331]
[47.21675852857249, 31.947441594440285, 3.1782823057781253, 17.657517571209095]
[50.37120555366388, 22.57233328327486, 23.46158147379533, 3.5948796892659356]
[53.535507649541444, 25.2923166588827, 2.9160025421926394, 18.25617314938322]
[47.697372994536195, 29.332047695062702, 8.411783306652865, 14.558796003748236]
[47.51671566233412, 12.184725588268504, 17.051397790433636, 23.24716095896375]
[46.184550320274184, 15.998105607239335, 14.436895277323472, 23.380448795163016]
[41.24933371246432, 25.930230808138827, 5.608228042334033, 27.212207437062823]
[59.059966566222954, 7.254708135853473, 8.522692781404277, 25.162632516519288]
[26.72901753022475, 27.647777098324923, 10.165329899189961, 35.45787547226037]
[53.429132454444996, 7.501212109491472, 3.047848168780583, 36.021807267282945]
[51.77844374565368, 7.187184061215911, 15.311431042526896, 25.722941150603507]
[40.08517493155161, 6.115205488486415, 2.1412251247876926, 51.658394455174275]
[50.053940746260686, 6.889885373044291, 2.0238493557797868, 41.032324524915246]
[38.323496582790675, 11.947029447758188, 2.6058581557474274, 47.123615813703715]
[44.45774348186251, 7.187932490442177, 19.22403282520637, 29.13029120248894]
[32.50829776983954, 7.542829361791094, 15.288056189240667, 44.66081667912871]
[23.178396714504103, 11.779119892933995, 12.687855135066703, 52.35462825749521]
[16.315057833235233, 4.980337233574541, 19.263130498809236, 59.44147443438099]
[5.814744488860028, 7.080410209093841, 35.96286907892746, 51.14197622311867]
[31.65842517367723, 1.4066455873765755, 22.42214789450103, 44.512781344445166]
[21.99562673647265, 1.8251956322180043, 14.689657953339442, 61.48951967796991]
[22.565254975461265, 10.119806741718037, 18.958839215384664, 48.356099067436034]
[9.395030288985234, 10.348004987476745, 34.687878261522464, 45.56908646201556]
[18.79385381026891, 17.358551892429386, 32.21008941456749, 31.63750488273423]
[19.05415752185227, 12.040938556649706, 29.450493224145006, 39.45441069735301]
[5.254250509921882, 15.427686524765654, 41.71255181931758, 37.60551114599488]
[2.7613915716882906, 18.454303479595083, 44.262810932443415, 34.521494016273216]
[2.4543058876885877, 0.04010355448367534, 35.970336862326896, 61.53525369550085]
[18.04623198484569, 28.581726720324536, 39.212638252405654, 14.159403042424124]
[7.918915245240268, 11.255417691298916, 37.70556219513748, 43.12010486832334]
[4.003270298241744, 30.607637356636648, 34.907687460220465, 30.481404884901142]
[5.559573906830324, 9.865635424365754, 51.96189855362899, 32.61289211517492]
[27.240490617645573, 7.791995493516756, 22.011056015230583, 42.95645787360709]
[6.403470422089177, 19.049912421320553, 39.67171457816686, 34.874902578423395]
[3.8843945285743247, 13.910282543839742, 44.994340853945566, 37.210982073640366]
[8.474752532326065, 5.807576356939414, 57.593146197275736, 28.124524913458774]
[6.991887715119279, 35.5496381329135, 38.69084669612556, 18.767627455841655]
[3.374867087787095, 30.406680626276415, 43.38122679972486, 22.837225486211633]
[16.222973094505882, 20.470425355410534, 62.04618339409831, 1.2604181559852798]
[5.281757227520244, 34.125487989303465, 40.71281059767585, 19.87994418550045]
[2.0963697716599503, 27.76295258018221, 50.20233331191003, 19.938344336247805]
[6.0425039338482724, 33.88040319281552, 41.70735506512329, 18.36973780821293]
[9.966705084914153, 34.98193668748525, 40.40835633926655, 14.643001888334048]
[9.932954200954153, 52.7600151569113, 33.202572337495205, 4.104458304639339]
[4.767531948165872, 28.626246721939864, 51.27881639947268, 15.32740493042157]
[24.65052654060309, 50.61841942632438, 22.472687239121257, 2.2583667939512706]
[1.930968455027203, 33.51059491305414, 49.679971082909304, 14.87846554900936]
[2.786974970640191, 52.1623687337054, 40.67875282510676, 4.371903470547655]
[16.874475216071918, 44.967011748191595, 26.17452117287844, 11.98399186285805]
[21.601687094620203, 52.15682305806653, 24.231765602604213, 2.009724244709062]
[0.8579165840925366, 59.327532647250436, 34.4921965054276, 5.322354263229412]
[11.986904923366518, 56.68599859653132, 18.528233335642614, 12.798863144459546]
[19.2415021635438, 46.866084692451075, 31.71995864414846, 2.1724544998566664]
[11.051193103950203, 35.5843930896992, 38.479702732789825, 14.884711073560778]
[34.98805102168948, 54.32810259035059, 8.172841621409104, 2.5110047665508355]
[30.018178540131085, 54.866898324536976, 8.00963511335138, 7.105288021980577]
[26.578463815018605, 52.998307429343015, 15.081678169379073, 5.341550586259312]
[35.513796922915404, 46.02339274323981, 16.886434275186375, 1.5763760586584112]
[43.95994171886939, 36.200112528397014, 12.857459983594492, 6.982485769139093]
[41.06553786493262, 31.74335861114106, 17.142883787104978, 10.048219736821347]
[33.31374043606954, 45.026425035837406, 19.762472227299117, 1.8973623007939273]
[44.25444878768401, 29.595356993829757, 11.454514196614527, 14.695680021871707]
[37.870847777433696, 37.914794944193176, 7.40972832596961, 16.80462895240352]
[55.22115667560949, 39.40635346504649, 4.175900910836967, 1.196588948507054]
[49.03803592425161, 44.6981434749468, 2.329589533730312, 3.934231067071279]
[32.1583385871482, 31.242574098839654, 11.95316469560847, 24.64592261840367]
[44.231911129407585, 23.195742563691393, 3.0454754604227547, 29.526870846478282]
[39.90507085243485, 38.12401138368254, 15.606490178016788, 6.364427585865825]
[60.73373682707417, 18.588369155886827, 1.5559293746875187, 19.12196464235148]
[42.05630625011645, 33.601402483606705, 5.7275266088598755, 18.614764657416973]
[39.87971999185099, 26.328078767331142, 3.0153104746827077, 30.776890766135157]
[57.084542425036375, 1.7414298754741053, 10.58002770329188, 30.593999996197645]
[49.14335333364703, 27.05820405486788, 5.634594572575208, 18.163848038909865]
[47.63569318316009, 14.868377840968947, 3.4146943162203405, 34.08123465965062]
[57.86603173504285, 24.039296742411356, 15.281639313541723, 2.8130322090040494]
[30.67492169951031, 21.30996879508162, 2.658996576128502, 45.35611292927956]
[35.55339559835758, 30.02523151895194, 10.592554774822146, 23.828818107868326]
[40.99291250992813, 9.738592291145713, 9.334677630149223, 39.933817568776945]
[41.221046440094526, 19.413442129476703, 2.785697938630601, 36.57981349179818]
[32.49405193611174, 11.543272091709182, 10.665338690273478, 45.297337281905605]
[29.49761234897928, 2.9818241875278195, 18.914878970581846, 48.60568449291105]
[37.0904285746757, 14.031805338501261, 0.9268445175006249, 47.95092156932242]
[30.88179260769995, 6.199619875583838, 8.012163785711888, 54.90642373100433]
[19.059244739648225, 16.63908524362682, 18.40492986674552, 45.89674014997945]
[35.005607701040056, 3.2563149848607824, 16.31675382053401, 45.421323493565154]
[29.71286417776533, 0.29007543865235685, 21.724486408358775, 48.27257397522354]
[12.642042798569078, 1.442383019381564, 27.29388003951198, 58.62169414253737]
[23.394069885143335, 0.2913289897782197, 28.66232211794624, 47.6522790071322]
[13.12646524443586, 12.400146746566389, 17.858494772486996, 56.61489323651077]
[2.656899659203976, 1.4033421487444555, 41.778886218091436, 54.160871973960134]
[21.529085884897654, 1.0891340199949613, 38.69945098401185, 38.68232911109555]
[0.5097844798221615, 4.749499325544556, 39.12074924107677, 55.61996695355651]
[17.32187303434441, 8.13761572661806, 33.12276872803004, 41.417742511007496]
[18.00362331681423, 2.24172148723096, 31.269343373409992, 48.48531182254481]
[5.686579545094194, 6.980773241109513, 41.51983890106251, 45.812808312733786]
[18.39563753428523, 1.021778856684673, 37.8900594002151, 42.692524208814994]
[0.18356582170564417, 19.451862904332977, 45.176289364926696, 35.18828190903467]
[12.332192533528636, 11.97910173206048, 51.813344248906354, 23.875361485504524]
[5.069809358271189, 3.1275374654319377, 45.64167562578293, 46.16097755051395]
[12.747089588259774, 0.5319744585484729, 41.96683185240743, 44.754104100784325]
[7.242079471855783, 0.47060807159639073, 61.18081305724225, 31.106499399305577]
[3.8631963125410644, 14.89445130218981, 52.82833706443161, 28.41401532083752]
[2.0406557022892153, 13.990793130207383, 46.51767524578038, 37.45087592172301]
[0.15237969263934892, 15.504919105151549, 52.43933127996554, 31.903369922243563]
[16.214215245305404, 14.752026854798611, 52.966493573923245, 16.06726432597274]
[16.912860997620225, 22.699209311785225, 42.85946372565633, 17.528465964938228]
[10.670471974167135, 31.050851908496224, 44.01965681005633, 14.259019307280324]
[1.587891216524499, 13.019706381428062, 61.11683537606799, 24.27556702597945]
[5.975230644922128, 37.89173949470096, 48.07416480365875, 8.058865056718178]
[5.235836159264778, 32.21269189782882, 55.9278830117766, 6.6235889311298095]
[1.5907598284799362, 49.984919538394124, 47.19471621690917, 1.229604416216773]
[10.52716500553066, 41.06898555274548, 42.99721348530802, 5.406635956415849]
[0.4955877052723548, 45.065964932649095, 39.836029457557565, 14.602417904520998]
[16.16959326969799, 35.833089973109345, 40.25084320626089, 7.74647355093178]
[10.972098909623035, 33.94547090236637, 39.96551934466117, 15.11691084334943]
[19.099326106463497, 48.541401907775445, 24.299381859190948, 8.0598901265701]
[15.166307542454902, 48.33540339008589, 31.143266229482634, 5.355022837976567]
[18.12082187271307, 53.469589223542854, 28.280887411257456, 0.12870149248660173]
[17.534089519831944, 36.990396310283266, 27.095711825644038, 18.37980234424075]
[26.943545863263047, 48.55418819401232, 19.864930631449738, 4.63733531127488]
